0 1 3.19294e+06
0 2 2.59442
0 3 1.85232
0 4 2.00957
0 5 2.04324
0 6 2.91855
0 7 1.86697
0 8 138344
0 9 2.23492
0 10 1.90721
0 11 718054
0 12 1.94046
0 13 1.92334
0 14 13652.7
0 15 1.92832
0 16 16223.1
1 1 23.3817
1 2 23.2432
1 3 817041
1 4 23.2932
1 5 23.2822
1 6 23.3283
1 7 23.3118
1 8 67434.7
1 9 23.3033
1 10 23.6602
1 11 16691.6
1 12 23.289
1 13 23.8735
1 14 757505
1 15 24.3586
1 16 23.307
2 1 3.89569
2 2 827885
2 3 1.13818
2 4 0.937762
2 5 0.889829
2 6 233854
2 7 0.888349
2 8 10.9239
2 9 55926.7
2 10 2.09583
2 11 0.877067
2 12 0.929908
2 13 0.868859
2 14 0.869822
2 15 0.869472
2 16 0.894575
3 1 237.667
3 2 224.636
3 3 228.174
3 4 225.447
3 5 229.285
3 6 229.657
3 7 227.15
3 8 231.629
3 9 231.997
3 10 224.722
3 11 225.243
3 12 231.449
3 13 234.423
3 14 225.521
3 15 224.893
3 16 234.723
4 1 4.30496e+06
4 2 3.67945
4 3 2.34791
4 4 1.92746
4 5 1.91196
4 6 280241
4 7 1.89192
4 8 137919
4 9 3.0573
4 10 1.88992
4 11 48547.8
4 12 1.89023
4 13 2.00049
4 14 1.95154
4 15 1.99784
4 16 1.98299
5 1 30.7972
5 2 23.3284
5 3 1.21786e+06
5 4 22.9923
5 5 22.9252
5 6 24.028
5 7 1.98927e+06
5 8 23.7566
5 9 22.9244
5 10 22.9205
5 11 548375
5 12 23.0119
5 13 1.26711e+06
5 14 22.9251
5 15 23.2859
5 16 23.9835
6 1 1.23932
6 2 0.888451
6 3 0.994268
6 4 0.934768
6 5 0.924579
6 6 1.00816
6 7 0.882918
6 8 0.949725
6 9 3.27623
6 10 0.880119
6 11 0.892267
6 12 71185.6
6 13 0.913524
6 14 0.898172
6 15 0.873219
6 16 5559.77
7 1 3.00291e+06
7 2 1.72202e+06
7 3 5.07764e+06
7 4 267.04
7 5 455071
7 6 227.953
7 7 224.195
7 8 4.05502e+06
7 9 235.822
7 10 224.232
7 11 224.148
7 12 224.199
7 13 224.172
7 14 224.236
7 15 235.946
7 16 224.552
8 1 2.96259
8 2 1.93003
8 3 2.05888
8 4 1.91264
8 5 5.69905e+06
8 6 1.88849
8 7 1.94334
8 8 1.7661e+06
8 9 3.46834e+06
8 10 1.86898
8 11 91527.4
8 12 1.9847
8 13 1.91856
8 14 1.11871e+06
8 15 1.32871e+06
8 16 1.93514
9 1 4.31539e+06
9 2 23.4931
9 3 1.08319e+06
9 4 23.3396
9 5 23.5647
9 6 25.737
9 7 23.1539
9 8 2.54071e+06
9 9 23.0515
9 10 23.1908
9 11 23.3972
9 12 23.0782
9 13 23.7012
9 14 24.6317
9 15 637066
9 16 24.5511
10 1 8.26838
10 2 0.934408
10 3 1.13854
10 4 0.936942
10 5 0.955222
10 6 1.01341
10 7 85030.1
10 8 174227
10 9 0.97894
10 10 9237.52
10 11 0.905966
10 12 469401
10 13 1.06033e+06
10 14 1.50562
10 15 0.914933
10 16 0.904273
11 1 4.59073e+06
11 2 224.201
11 3 226.669
11 4 226.259
11 5 223.677
11 6 230.514
11 7 223.672
11 8 228.792
11 9 224.603
11 10 22109.5
11 11 1.94941e+06
11 12 226.064
11 13 223.667
11 14 885964
11 15 223.688
11 16 225.621
12 1 4.03865
12 2 2.04026
12 3 1.90377
12 4 1.99471
12 5 1.92611
12 6 7656.57
12 7 1.88163
12 8 1.88127
12 9 7759.12
12 10 230005
12 11 1.91843
12 12 1.92448
12 13 518.444
12 14 1.88366
12 15 1.88132
12 16 871391
13 1 4.77896e+06
13 2 22.9592
13 3 23.3523
13 4 23.1041
13 5 22.8836
13 6 2102.07
13 7 23.1269
13 8 23.8215
13 9 24.0726
13 10 498045
13 11 458644
13 12 31.3124
13 13 23.082
13 14 24.9597
13 15 23.9246
13 16 24.0337
14 1 0.898887
14 2 0.928253
14 3 1.10063
14 4 991230
14 5 0.937462
14 6 0.879239
14 7 0.880704
14 8 0.888493
14 9 2574.78
14 10 485112
14 11 0.887922
14 12 45762.3
14 13 0.926894
14 14 78.2831
14 15 0.894029
14 16 0.906694
15 1 5.1409e+06
15 2 2.49359e+06
15 3 224.956
15 4 684528
15 5 3.82511e+06
15 6 230.701
15 7 224.955
15 8 225.342
15 9 224.948
15 10 224.983
15 11 48148.6
15 12 1.22952e+06
15 13 1.7436e+06
15 14 224.968
15 15 1.07516e+06
15 16 224.935
16 1 8.21495
16 2 2.46639
16 3 2.14418
16 4 1.96712
16 5 1.88335
16 6 1.90539
16 7 216582
16 8 1.8885
16 9 92711
16 10 1.88464
16 11 1.93497
16 12 201842
16 13 1.97234
16 14 1.92719
16 15 1.91396
16 16 1.93248
17 1 23.4764
17 2 24.2465
17 3 1.11079e+06
17 4 23.675
17 5 388902
17 6 24.5207
17 7 23.609
17 8 24.3477
17 9 23.9666
17 10 23.6437
17 11 24.0681
17 12 23.5208
17 13 23.5152
17 14 23.5501
17 15 23.5493
17 16 24.2677
18 1 4.83128e+06
18 2 1.12104
18 3 1.05351
18 4 0.996122
18 5 0.939847
18 6 0.895899
18 7 1.05013
18 8 0.893394
18 9 0.883284
18 10 0.868884
18 11 7.66232
18 12 0.868385
18 13 0.888479
18 14 26379.5
18 15 28117.4
18 16 0.900499
19 1 224.708
19 2 1.8065e+06
19 3 324.005
19 4 224.784
19 5 223.754
19 6 223.49
19 7 223.956
19 8 235.763
19 9 224.688
19 10 229.739
19 11 223.569
19 12 223.504
19 13 225.317
19 14 233.586
19 15 1.59597e+06
19 16 621464
20 1 2.44432
20 2 2.52301
20 3 2.43839
20 4 653125
20 5 2.08491
20 6 2.09916
20 7 2.97312
20 8 80951.6
20 9 833225
20 10 64379.2
20 11 120457
20 12 2.14518
