-5 -4.64162 4.50784
-4.84127 -4.45591 4.54118
-4.68254 -4.73707 4.68579
-4.52381 -4.42548 4.72539
-4.36508 -4.60049 4.59647
-4.20635 -4.5335 4.50002
-4.04762 -4.42162 4.45293
-3.88889 -4.50059 4.55606
-3.73016 -4.61907 4.56252
-3.57143 -4.41963 4.45186
-3.4127 -4.48957 4.42216
-3.25397 -4.67397 4.62977
-3.09524 -4.39445 4.48838
-2.93651 -4.44619 4.53959
-2.77778 -4.49598 4.59467
-2.61905 -4.50605 4.40788
-2.46032 -4.49148 4.59986
-2.30159 -4.49685 4.53821
-2.14286 -4.49311 4.57132
-1.98413 -4.52061 4.4889
-1.8254 -4.60696 4.40436
-1.66667 -4.48832 4.49939
-1.50794 -4.49074 4.45409
-1.34921 -4.46532 4.54049
-1.19048 -4.48493 4.50488
-1.03175 -4.47261 4.4929
-0.873016 -4.51727 4.51907
-0.714286 -4.4984 4.52328
-0.555556 -4.49243 4.56601
-0.396825 -4.50353 4.43658
-0.238095 -4.5315 4.53427
-0.0793651 -4.5328 4.54101
0.0793654 -4.52773 4.47966
0.238096 -4.45392 4.51282
0.396826 -4.57085 4.48512
0.555556 -4.62345 4.5043
0.714286 -4.48321 4.49488
0.873016 -4.50984 4.50242
1.03175 -4.43239 4.47208
1.19048 -4.52104 4.47492
1.34921 -4.55144 4.56032
1.50794 -4.47992 4.48712
1.66667 -4.48973 4.37058
1.8254 -4.47831 4.55826
1.98413 -4.45738 4.53521
2.14286 -4.58314 4.52694
2.30159 -4.54148 4.47797
2.46032 -4.39369 4.4885
2.61905 -4.52627 4.65301
2.77778 -4.51128 4.46354
2.93651 -4.53129 4.70669
3.09524 -4.51386 4.46494
3.25397 -4.43066 4.53147
3.4127 -4.40534 4.5542
3.57143 -4.66552 4.53097
3.73016 -4.47651 4.6018
3.88889 -4.79436 4.61155
4.04762 -4.52994 4.4843
4.20635 -4.47474 4.36603
4.36508 -4.55786 4.6925
4.52381 -4.33877 4.40127
4.68254 -4.51805 4.43696
4.84127 -4.45789 4.4733
5 -4.5699 4.67392
